14159
26535
89793
23846
26433
83279
50288
41971
69399
37510
58209
74944
59230
78164
06286
20899
86280
34825
34211
70679
82148
08651
32823
06647
09384
46095
50582
23172
53594
08128
48111
74502
84102
70193
85211
05559
64462
29489
54930
38196
44288
10975
66593
34461
28475
64823
37867
83165
27120
19091
45648
56692
34603
48610
45432
66482
13393
60726
02491
41273
72458
70066
06315
58817
48815
20920
96282
92540
91715
36436
78925
90360
01133
05305
48820
46652
13841
46951
94151
16094
33057
27036
57595
91953
09218
61173
81932
61179
31051
18548
07446
23799
62749
56735
18857
52724
89122
79381
83011
94912
98336
73362
44065
66430
86021
39494
63952
24737
19070
21798
60943
70277
05392
17176
29317
67523
84674
81846
76694
05132
00056
81271
45263
56082
77857
71342
75778
96091
73637
17872
14684
40901
22495
34301
46549
58537
10507
92279
68925
89235
42019
95611
21290
21960
86403
44181
59813
62977
47713
09960
51870
72113
49999
99837
29780
49951
05973
17328
16096
31859
50244
59455
34690
83026
42522
30825
33446
85035
26193
11881
71010
00313
78387
52886
58753
32083
81420
61717
76691
47303
59825
34904
28755
46873
11595
62863
88235
37875
93751
95778
18577
80532
17122
68066
13001
92787
66111
95909
21642
01989
38095
25720
10654
85863
27886
59361
53381
82796
82303
01952
03530
18529
68995
77362
25994
13891
24972
17752
83479
13151
55748
57242
45415
06959
50829
53311
68617
27855
88907
50983
81754
63746
49393
19255
06040
09277
01671
13900
98488
24012
85836
16035
63707
66010
47101
81942
95559
61989
46767
83744
94482
55379
77472
68471
04047
53464
62080
46684
25906
94912
93313
67702
89891
52104
75216
20569
66024
05803
81501
93511
25338
24300
35587
64024
74964
73263
91419
92726
04269
92279
67823
54781
63600
93417
21641
21992
45863
15030
28618
29745
55706
74983
85054
94588
58692
69956
90927
21079
75093
02955
32116
53449
87202
75596
02364
80665
49911
98818
34797
75356
63698
07426
54252
78625
51818
41757
46728
90977
77279
38000
81647
06001
61452
49192
17321
72147
72350
14144
19735
68548
16136
11573
52552
13347
57418
49468
43852
33239
07394
14333
45477
62416
86251
89835
69485
56209
92192
22184
27255
02542
56887
67179
04946
01653
46680
49886
27232
79178
60857
84383
82796
79766
81454
10095
38837
86360
95068
00642
25125
20511
73929
84896
08412
84886
26945
60424
19652
85022
21066
11863
06744
27862
20391
94945
04712
37137
86960
95636
43719
17287
46776
46575
73962
41389
08658
32645
99581
33904
78027
59009
94657
64078
95126
94683
98352
59570
98258
22620
52248
94077
26719
47826
84826
01476
99090
26401
36394
43745
53050
68203
49625
24517
49399
65143
14298
09190
65925
09372
21696
46151
57098
58387
41059
78859
59772
97549
89301
61753
92846
81382
68683
86894
27741
55991
85592
52459
53959
43104
99725
24680
84598
72736
44695
84865
38367
36222
62609
91246
08051
24388
43904
51244
13654
97627
80797
71569
14359
97700
12961
60894
41694
86855
58484
06353
42207
22258
28488
64815
84560
28506
01684
27394
52267
46767
88952
52138
52254
99546
66727
82398
64565
96116
35488
62305
77456
49803
55936
34568
17432
41125
15076
06947
94510
96596
09402
52288
79710
89314
56691
36867
22874
89405
60101
50330
86179
28680
92087
47609
17824
93858
90097
14909
67598
52613
65549
78189
31297
84821
68299
89487
22658
80485
75640
14270
47755
51323
79641
45152
37462
34364
54285
84447
95265
86782
10511
41354
73573
95231
13427
16610
21359
69536
23144
29524
84937
18711
01457
65403
59027
99344
03742
00731
05785
39062
19838
74478
08478
48968
33214
45713
86875
19435
06430
21845
31910
48481
00537
06146
80674
91927
81911
97939
95206
14196
63428
75444
06437
45123
71819
21799
98391
01591
95618
14675
14269
12397
48940
90718
64942
31961
56794
52080
95146
55022
52316
03881
93014
20937
62137
85595
66389
37787
08303
90697
92077
34672
21825
62599
66150
14215
03068
03844
77345
49202
60541
46659
25201
49744
28507
32518
66600
21324
34088
19071
04863
31734
64965
14539
05796
26856
10055
08106
65879
69981
63574
73638
40525
71459
10289
70641
40110
97120
62804
39039
75951
56771
57700
42033
78699
36007
23055
87631
76359
42187
31251
47120
53292
81918
26186
12586
73215
79198
41484
88291
64470
60957
52706
95722
09175
67116
72291
09816
90915
28017
35067
12748
58322
28718
35209
35396
57251
21083
57915
13698
82091
44421
00675
10334
67110
31412
67111
36990
86585
16398
31501
97016
51511
68517
14376
57618
35155
65088
49099
89859
98238
73455
28331
63550
76479
18535
89322
61854
89632
13293
30898
57064
20467
52590
70915
48141
65498
59461
63718
02709
81994
30992
44889
57571
28289
05923
23326
09729
97120
84433
57326
54893
82391
19325
97463
66730
58360
41428
13883
03203
82490
37589
85243
74417
02913
27656
18093
77344
40307
07469
21120
19130
20330
38019
76211
01100
44929
32151
60842
44485
96376
69838
95228
68478
31235
52658
21314
49576
85726
24334
41893
03968
64262
43410
77322
69780
28073
18915
44110
10446
82325
27162
01052
65227
21116
60396
66557
30925
47110
55785
37634
66820
65310
98965
26918
62056
47693
12570
58635
66201
85581
00729
36065
98764
86117
91045
33488
50346
11365
76867
53249
44166
80396
26579
78771
85560
84552
96541
26654
08530
61434
44318
58676
97514
56614
06800
70023
78776
59134
40171
27494
70420
56223
05389
94561
31407
11270
00407
85473
32699
39081
45466
46458
80797
27082
66830
63432
85878
56983
05235
80893
30657
57406
79545
71637
75254
20211
49557
61581
40025
01262
28594
13021
64715
50979
25923
09907
96547
37612
55176
56751
35751
78296
66454
77917
45011
29961
48903
04639
94713
29621
07340
43751
89573
59614
58901
93897
13111
79042
97828
56475
03203
19869
15140
28708
08599
04801
09412
14722
13179
47647
77262
24142
54854
54033
21571
85306
14228
81375
85043
06332
17518
29798
66223
71721
59160
77166
92547
48738
98665
49494
50114
65406
28433
66393
79003
97692
65672
14638
53067
36096
57120
91807
63832
71664
16274
88880
07869
25602
90228
47210
40317
21186
08204
19000
42296
61711
96377
92133
75751
14959
50156
60496
31862
94726
54736
42523
08177
03675
15906
73502
35072
83540
56704
03867
43513
62222
47715
89150
49530
98444
89333
09634
08780
76932
59939
78054
19341
44737
74418
42631
29860
80998
88687
41326
04721
56951
62396
58645
73021
63159
81931
95167
35381
29741
67729
47867
24229
24654
36680
09806
76928
23828
06899
64004
82435
40370
14163
14965
89794
09243
23789
69070
69779
42236
25082
21688
95738
37986
23001
59377
64716
51228
93578
60158
81617
55782
97352
33446
04281
51262
72037
34314
65319
77774
16031
99066
55418
76397
92933
44195
21541
34189
94854
44734
56738
31624
99341
91318
14809
27777
10386
38773
43177
20754
56545
32207
77092
12019
05166
09628
04909
26360
19759
88281
61332
31666
36528
61932
66863
36062
73567
63035
44776
28035
04507
77235
54710
58595
48702
79081
43562
40145
17180
62464
36267
94561
27531
81340
78330
33625
42327
83944
97538
24372
05835
31147
71199
26063
81334
67768
79695
97030
98339
13077
10987
04085
91337
46414
42822
77263
46594
70474
58784
77872
01927
71528
07317
67907
70715
72134
44730
60570
07334
92436
93113
83504
93163
12840
42512
19256
51798
06941
13528
01314
70130
47816
43788
51852
90928
54520
11658
39341
96562
13491
43415
95625
86586
55705
52690
49652
09858
03385
07224
26482
93972
85847
83163
05777
75606
88876
44624
82468
57926
03953
52773
48030
48029
00587
60758
25104
74709
16439
61362
67604
49256
27420
42083
20856
61190
62545
43372
13153
59584
50687
72460
29016
18766
79524
06163
42522
57719
54291
62991
93064
55377
99140
37340
43287
52628
88963
99587
94757
29174
64263
57455
25407
90914
51357
11136
94109
11939
32519
10760
20825
20261
87985
31887
70584
29725
91677
81314
96990
09019
21169
71737
27847
68472
68608
49003
37702
42429
16513
00500
51683
23364
35038
95170
29893
92233
45172
20138
12806
96501
17844
08745
19601
21228
59937
16231
30171
14448
46409
03890
64495
44400
61986
90754
85160
26327
50529
83491
87407
86680
88183
38510
22833
45085
04860
82503
93021
33219
71551
84306
35455
00766
82829
49304
13776
55279
39751
75461
39539
84683
39363
83047
46119
96653
85815
38420
56853
38621
86725
23340
28308
71123
28278
92125
07712
62946
32295
63989
89893
58211
67456
27010
21835
64622
01349
67151
88190
97303
81198
00497
34072
39610
36854
06643
19395
09790
19069
96395
52453
00545
05806
85501
95673
02292
19139
33918
56803
44903
98205
95510
02263
53536
19204
19947
45538
59381
02343
95544
95977
83779
02374
21617
27111
72364
34354
39478
22181
85286
24085
14006
66044
33258
88569
86705
43154
70696
57474
58550
33232
33421
07301
54594
05165
53790
68662
73337
99585
11562
57843
22988
27372
31989
87571
41595
78111
96358
33005
94087
30681
21602
87649
62867
44604
77464
91599
50549
73742
56269
01049
03778
19868
35938
14657
41268
04925
64879
85561
45372
34786
73303
90468
83834
36346
55379
49864
19270
56387
29317
48723
32083
76011
23029
91136
79386
27089
43879
93620
16295
15413
37142
48928
30722
01269
01475
46684
76535
76164
77379
46752
00490
75715
55278
19653
62132
39264
06160
13635
81559
07422
02020
31872
77605
27721
90055
61484
25551
87925
30343
51398
44253
22341
57623
36106
42506
39049
75008
65627
10953
59194
65897
51413
10348
22769
30624
74353
63256
91607
81547
81811
52843
66795
70611
08615
33150
44521
27473
92454
49454
23682
88606
13408
41486
37767
00961
20715
12491
40430
27253
86076
48236
34143
34623
51897
57664
52164
13767
96903
14950
19108
57598
44239
19862
91642
19399
49072
36234
64684
41173
94032
65918
40443
78051
33389
45257
42399
50829
65912
28508
55582
15725
03107
12570
12668
30240
29295
25220
11872
67675
62204
15420
51618
41634
84756
51699
98116
14101
00299
60783
86909
29160
30288
40026
91041
40792
88621
50784
24516
70908
70006
99282
12066
04183
71806
53556
72525
32567
53286
12910
42487
76182
58297
65157
95984
70356
22262
93486
00341
58722
98053
49896
50226
29174
87882
02734
20922
22453
39856
26476
69149
05562
84250
39127
57710
28402
79980
66365
82548
89264
88025
45661
01729
67026
64076
55904
29099
45681
50652
65305
37182
94127
03369
31378
51786
09040
70866
71149
65583
43434
76933
85781
71138
64558
73678
12301
45876
87126
60348
91390
95620
09939
36103
10291
61615
28813
84379
09904
23174
73363
94804
57593
14931
40529
76347
57481
19356
70911
01377
51721
00803
15590
24853
09066
92037
67192
20332
29094
33467
68514
22144
77379
39375
17034
43661
99104
03375
11173
54719
18550
46449
02636
55128
16228
82446
25759
16333
03910
72253
83742
18214
08835
08657
39177
15096
82887
47826
56995
99574
49066
17583
44137
52239
70968
34080
05355
98491
75417
38188
39994
46974
86762
65516
58276
58483
58845
31427
75687
90029
09517
02835
29716
34456
21296
40435
23117
60066
51012
41200
65975
58512
76178
58382
92041
97484
42360
80071
93045
76189
32349
22927
96501
98751
87212
72675
07981
25547
09589
04556
35792
12210
33346
69749
92356
30254
94780
24901
14195
21238
28153
09114
07907
38602
51522
74299
58180
72471
62591
66854
51333
12394
80494
70791
19153
26734
30282
44186
04142
63639
54800
04480
02670
49624
82017
92896
47669
75831
83271
31425
17029
69234
88962
76684
40323
26092
75249
60357
99646
92565
04936
81836
09003
23809
29345
95889
70695
36534
94060
34021
66544
37558
90045
63288
22505
45255
64056
44824
65151
87547
11962
18443
96582
53375
43885
69094
11303
15095
26179
37800
29741
20766
51479
39425
90298
96959
46995
56576
12186
56196
73378
62362
56125
21632
08628
69222
10327
48892
18654
36480
22967
80705
76561
51446
32046
92790
68212
07388
37781
42335
62823
60896
32080
68222
46801
22482
61177
18589
63814
09183
90367
36722
20888
32151
37556
00372
79839
40041
52970
02878
30766
70944
47456
01345
56417
25437
09069
79396
12257
14298
94671
54357
84687
88614
44581
23145
93571
98492
25284
71605
04922
12424
70141
21478
05734
55105
00801
90869
96033
02763
47870
81081
75450
11930
71412
23390
86639
38339
52942
57869
05076
43100
63835
19834
38934
15961
31854
34754
64955
69781
03829
30971
64651
43840
70070
73604
11237
35998
43452
25161
05070
27056
23526
60127
64848
30840
76118
30130
52793
20542
74628
65403
60367
45328
65105
70658
74882
25698
15793
67897
66974
22057
50596
83440
86973
50201
41020
67235
85020
07245
22563
26513
41055
92401
90274
21624
84391
40359
98953
53945
90944
07046
91209
14093
87001
26456
00162
37428
80210
92764
57931
06579
22955
24988
72758
46101
26483
69998
92256
95968
81592
05600
10165
52563
75678
56672
27966
19885
78279
48488
55834
39751
87445
45512
96563
44348
03966
42055
79829
36804
35220
27709
84294
23253
30225
76341
80703
94769
94159
79159
45300
69752
14829
33665
55661
56787
36400
53666
56416
54732
17043
90352
13295
43529
16941
45990
41608
75320
18683
79370
23488
86894
79151
07163
78529
02345
29244
07736
59495
63051
00742
10871
42613
49745
95615
13849
87137
57047
10178
79573
10422
96906
66702
14498
63746
45952
80824
36944
57897
72330
04876
47652
41339
07592
04340
19634
03911
47320
23380
71509
52220
10682
56342
74716
46024
33544
00515
21266
93249
34196
73977
04159
56837
53555
16673
02739
00749
72973
63549
64533
28886
98440
61196
49616
27734
49518
27369
55882
20757
35517
66515
89855
19098
66653
93549
48106
88732
06859
90754
07923
42402
30092
59007
01731
96036
22547
56478
94064
75483
46647
76041
14632
33905
65134
33068
44953
97907
09030
23460
46147
09616
96886
88501
40834
70405
46074
29586
99138
29668
24681
85710
31887
90652
87036
65083
24319
74404
77185
56789
34823
08943
10682
87027
22809
73624
80939
96270
60747
26455
39925
39944
28081
13736
94338
87294
06307
92615
95995
46262
46297
07062
59484
55690
34711
97299
64090
89418
05953
43932
51236
23550
81349
49004
36427
85271
38315
91256
89892
95196
42728
75739
46914
27253
43669
41532
36100
45373
04881
98551
70659
41217
35246
25895
48730
16760
02988
65925
78662
85612
49665
52353
38294
28785
42534
04830
83307
01653
72285
63559
15253
47844
59818
31341
12900
19992
05981
35220
51173
36585
64078
26484
94276
44113
76393
86692
48031
18364
45369
85891
75442
64739
98822
84621
84490
08777
69776
31279
57226
72655
56259
62825
42765
31830
01340
70922
33436
57791
60128
09317
94017
18598
59993
38492
35495
64005
70995
58561
13498
02524
99066
98423
30173
50358
04408
11685
52653
11709
95708
99427
32870
92584
87894
43646
00504
10892
26691
78352
58707
85951
29834
41729
53519
53788
55345
73742
60859
02908
17651
55780
39059
46408
73506
12322
61120
09373
10804
85485
26357
22825
76820
34160
50484
66277
50450
03126
20080
07998
04925
48534
69414
69775
16493
27095
04934
63938
24322
27188
51597
40547
02148
28971
11777
92376
12257
88734
77188
19682
54629
81268
68581
70507
40272
55026
33290
44976
27789
44236
21674
11918
62694
39650
67151
57795
86756
48239
93917
60426
01763
38704
54990
17614
36412
04692
18237
07648
87834
19689
68611
81558
15873
60629
38603
81017
12158
55272
66830
08238
34046
56475
88040
51380
80163
36388
74216
37140
64354
95561
86896
41122
82140
75330
26551
00424
10489
67835
28588
29024
36709
04887
11819
09094
94533
14421
82876
61810
31007
35477
05498
15968
07720
09474
69613
43609
28614
84941
78501
71807
79306
81085
46900
09445
89952
79424
39813
92135
05586
42219
64834
91512
63901
28038
32001
09773
86806
62877
92397
18014
61343
24457
26400
97374
25700
73592
10031
54150
89367
93008
16998
05365
20276
00727
74967
45840
02836
24053
46037
26341
65542
59027
60183
48403
06811
38185
51059
79705
66400
75094
26087
88573
57960
37324
51414
67867
03688
09880
60971
64258
49759
51380
69309
44940
15154
22221
94329
13021
73912
53835
59150
31003
33032
51117
49156
96917
45027
14943
31515
58854
03922
16409
72291
01129
03552
18157
62823
28318
23425
48326
11191
28009
28252
56190
20526
30163
91147
72473
31485
73910
77758
74425
38761
17465
78671
16941
47764
21441
11126
35835
53871
36101
10232
67987
75641
02468
24032
26483
46417
66369
80663
78576
81349
20453
02240
81972
78564
71983
96308
78154
32211
66912
24641
59117
76732
25326
43356
86146
18654
52226
81268
87268
44596
84424
16107
85401
67681
42080
88502
80054
14361
31462
30821
02594
17375
62389
94207
57136
27516
74573
18918
94562
83525
70441
33543
75857
53426
98699
47254
70316
56613
99199
96826
28247
27064
13362
22178
92390
31760
85428
94373
39356
18891
65125
04244
04008
95271
98378
73864
80584
72689
54624
38823
43751
78852
01439
56005
71048
11949
88423
90606
13695
73423
15590
79670
34614
91434
47886
36041
03182
35073
65027
78590
89757
82727
31305
04889
39890
09923
91350
33732
50855
98265
58670
89242
61242
94736
70193
90772
71307
06869
17092
64625
48423
24074
85503
66080
13604
66895
11840
09366
86095
46325
00214
58529
30950
00090
71510
58236
26729
32645
37382
10493
87249
96699
33942
46855
16483
26113
41461
10680
26744
66373
34375
34076
42940
26682
97386
52209
35701
62638
46485
28514
90362
93201
99199
68828
51718
39536
69134
52224
44708
04592
39660
28171
56551
56566
61113
59823
11225
06289
05854
91450
97157
55390
02439
31535
19090
21071
19457
30024
38801
76615
03527
08626
02537
88179
75194
78061
01371
50044
89917
21002
22013
35013
10601
63915
41589
57803
71177
92775
22597
87428
91917
91552
24171
89585
36168
05947
41234
19339
84202
18745
64925
64434
62392
53195
31351
03311
47639
49119
95072
85843
06583
61935
36932
96992
89837
91494
19394
06085
72486
39688
36903
26556
43642
16644
25760
79147
10869
98431
57337
49648
83529
27693
28220
76294
72823
81537
40996
15455
98798
25989
10937
17126
21828
30258
48112
38901
19682
21429
45766
75807
18653
80650
64870
26133
89282
29949
72574
53033
28389
63818
43944
77077
94022
84359
88341
00358
38542
38973
54243
95647
55568
40952
24844
55413
92394
10001
62076
93636
84677
64130
17819
65937
99715
57468
54194
63348
93748
43912
97423
91433
65936
04100
35234
37770
65888
67781
13949
86164
78747
14079
32638
58738
62473
28896
45643
59877
46676
38479
46650
40741
11825
65837
88784
54858
14896
29612
73998
41344
27260
86061
87245
54523
60643
15371
01127
46809
77870
44640
94758
28034
87697
58948
32824
12392
92960
58294
86191
96670
91895
80898
33201
21031
84303
40128
49511
62035
34280
14412
76172
85830
24355
98300
32042
02451
20728
72535
58119
58401
49180
96925
33950
75778
40006
74655
26031
44616
70508
27682
77222
35341
91102
63416
31571
47406
12385
04258
45988
41990
76112
87258
05911
39356
89601
43166
82831
76323
56732
54170
73420
81733
22304
62987
99280
49085
14094
79036
88786
87894
93054
69557
03072
61900
95020
76433
49335
91060
24545
08645
36289
35456
86295
85313
15337
18386
82656
17862
27363
71697
57741
83023
98600
65914
81616
40494
49650
11732
13138
95747
06208
84748
02365
37103
11508
98427
99275
44268
53277
97431
13951
43574
17221
97597
99359
68525
22857
45263
79628
96126
91572
35798
66205
73408
37576
68738
84266
40599
09935
05000
81337
54324
54635
96750
48442
35284
87470
14435
45419
57625
84735
64216
19813
40734
68541
11766
88311
86544
89377
69795
66517
27966
23267
14810
33864
39137
51865
94673
00244
34500
54499
53997
42372
32871
24948
34706
04406
34716
06325
83064
98297
95510
10954
18362
35030
30945
30973
35834
46283
94763
04775
64501
50085
07578
94954
89313
93944
89921
61255
25597
70143
68589
43585
87752
63796
25597
08167
76438
00125
43650
23714
12783
46792
61019
95585
22471
72201
77723
70041
78084
19423
94872
54068
01556
03599
83905
48985
72354
67456
42390
58585
02167
19031
39526
29445
54391
31663
13453
08939
06204
67843
87785
05423
93905
24731
36201
29476
91874
97519
10114
72315
28932
67725
33918
14660
73000
89027
76896
31148
10902
20972
45207
59167
29700
78505
80717
18638
10549
67973
10016
78708
50694
20709
22329
08070
38326
34534
52038
02786
09905
56900
13413
71823
68370
99194
95164
89600
75504
93412
67876
43674
63849
02063
96401
97666
85592
33565
46391
38363
18574
56981
47196
21084
10809
61884
60545
60390
38455
34372
91414
46513
47494
07848
84423
77217
51543
34260
30669
88317
68331
00113
31086
90421
93903
10801
43784
33415
13709
24353
01367
76310
84913
51615
64226
98475
07430
32971
67469
64066
65315
27035
32546
71126
67522
46055
11995
81831
96376
37076
17991
91920
35795
82007
59560
53023
46267
75794
39363
07463
05690
10801
14942
71410
09391
36913
81072
58137
81357
89400
55995
00183
54251
18417
21360
55727
52210
35268
03735
72652
79224
17373
60575
11278
87218
19084
49006
17801
38897
10770
82293
10027
97665
93583
87589
09395
68814
85602
63224
39372
65624
72776
03789
08144
58837
85501
97028
43779
36240
78250
52704
87581
64703
24581
29087
83952
32453
23789
60298
41669
22548
96497
15606
98119
21865
84926
77040
39564
81278
10217
99132
17416
30581
05545
98801
30048
45629
97651
12124
15363
74515
00563
50701
27815
92671
42413
42103
30156
61653
56024
73380
78430
28655
25722
27530
49998
83701
53487
93008
06260
18096
23815
16136
69033
41111
38653
85109
19367
39383
52293
45888
32255
08870
64507
53947
39520
43968
07906
70868
06445
09698
65488
01682
87434
37861
26453
81583
42807
53061
84548
59037
98217
99459
96811
54419
74253
63443
99602
90251
00158
88272
16474
50068
20704
19376
15845
47123
18346
00726
29339
55054
82395
57137
25684
02322
68213
01247
67945
22644
82091
02356
47752
72308
20810
63518
89915
26928
89108
45557
11266
03965
03439
78962
78250
01611
01532
35160
51965
59042
11844
94990
77899
92007
32947
69058
68577
87872
09829
01352
95661
39788
84860
50978
60859
57017
73129
81553
14951
68146
71769
59760
99421
00361
83559
13877
78176
98458
75810
44662
83998
80600
61622
98486
16935
33738
65787
73598
33616
13384
13385
36842
11978
93890
01852
95691
96780
45544
82858
48370
11709
67212
53533
87586
21582
31013
31038
77668
27211
57269
49518
17958
97546
93992
64219
79155
23385
76623
16762
75475
70354
69941
48929
04130
18638
61194
39196
28388
70543
67774
32242
76809
13236
54494
85366
76800
00010
65262
48547
30558
61598
99914
01707
69838
54831
88750
14293
89089
95068
54530
76511
68033
37322
26517
56622
07526
95179
14422
52808
16517
16677
66727
93035
48515
42040
23817
46089
23283
91703
27542
57508
67655
11785
93950
02793
38959
20576
68278
96776
44531
84040
41855
40104
35134
83895
31201
32637
83692
83580
82719
37831
26549
61745
99705
67450
71833
20650
34556
64403
44904
53627
56001
12501
84335
60736
12227
65949
27839
37064
78426
45676
33881
88075
65612
16896
05041
61139
03906
39601
62022
15368
49410
92605
38768
87148
37989
55999
91120
99164
64644
11918
56827
70045
74243
43402
16722
76445
58933
01277
81586
86952
50694
99364
61017
56850
60167
14535
43158
14801
05458
86056
45501
33203
75864
54858
40324
02987
17093
48091
05562
11671
54684
84778
03944
75697
98042
63180
99175
64228
09873
99876
69732
37695
73701
58080
68229
04599
21236
61689
02596
27304
30679
31653
11494
01764
73769
38735
14093
36183
32161
42802
14976
33991
89835
48487
56252
98752
42387
30775
59555
95546
51963
94401
82184
09984
12489
82623
67377
14672
26061
63364
32964
06335
72810
70788
75816
